1000 0.0001436 7.96e-05
2000 0.0002966 0.0001614
3000 0.0004452 0.0002388
4000 0.000617 0.0003356
5000 0.0007522 0.0003928
6000 0.0009016 0.0004616
7000 0.0010992 0.0005866
8000 0.0012566 0.0006678
9000 0.001406 0.0007448
10000 0.0015664 0.0008026
11000 0.0017216 0.000909
12000 0.0018822 0.0010216
13000 0.0021184 0.0011224
14000 0.0022942 0.0011964
15000 0.0024274 0.0013138
16000 0.0025928 0.001348
17000 0.00275 0.0014374
18000 0.0029184 0.0015076
19000 0.0030748 0.0015944
20000 0.0032198 0.0016132
