1000 0.0001514 8.4e-05
2000 0.0003062 0.0001728
3000 0.0004596 0.0002574
4000 0.000637 0.0003486
5000 0.0007988 0.0004252
6000 0.0009626 0.0005164
7000 0.0011942 0.000665
8000 0.0013432 0.0007158
9000 0.0015124 0.0008014
10000 0.0016918 0.0008936
11000 0.0018444 0.0009628
12000 0.0020254 0.0011182
13000 0.0023108 0.001269
14000 0.0024882 0.0013552
15000 0.0026574 0.0014218
16000 0.0028904 0.0015962
17000 0.00301 0.0015956
18000 0.003158 0.0016578
19000 0.0033368 0.0018032
20000 0.003534 0.001861
